image_width: 640
image_height: 480
camera_name: narrow_stereo
camera_matrix:
  rows: 3
  cols: 3
  data: [ 244.09275,    0.     ,  287.49266,
            0.     ,  243.87081,  212.51607,
            0.     ,    0.     ,    1.     ]
camera_model: plumb_bob
distortion_coefficients:
  rows: 1
  cols: 5
  data: [0.010984, -0.005869, -0.000289, -0.000152, 0.000000]
rectification_matrix:
  rows: 3
  cols: 3
  data: [ 1.,  0.,  0.,
          0.,  1.,  0.,
          0.,  0.,  1.]
projection_matrix:
  rows: 3
  cols: 4
  data: [ 244.09355,    0.     ,  286.19702,    0.     ,
            0.     ,  245.03522,  212.23663,    0.     ,
            0.     ,    0.     ,    1.     ,    0.     ]
