image_width: 1280
image_height: 1024
camera_name: narrow_stereo
camera_matrix:
  rows: 3
  cols: 3
  data: [475.63756,   0.     , 638.24526,
           0.     , 474.10076, 489.89339,
           0.     ,   0.     ,   1.     ]
distortion_model: plumb_bob
distortion_coefficients:
  rows: 1
  cols: 5
  data: [-0.255252, 0.037866, 0.001594, -0.000216, 0.000000]
rectification_matrix:
  rows: 3
  cols: 3
  data: [1., 0., 0.,
         0., 1., 0.,
         0., 0., 1.]
projection_matrix:
  rows: 3
  cols: 4
  data: [600.17346,   0.     , 648.50482,   0.     ,
           0.     , 530.59814, 563.23756,   0.     ,
           0.     ,   0.     ,   1.     ,   0.     ]
